53

‘7. 15855545-11111511, Ι. 1. (8. 9. 4.) 3. ᾒπῐ885515556551 1151111151. 13,
8. 55115 -111111113(811118111291) (81112.)

9, ’15111111-10181. l. 5. (8.1)1111181112- 4. 5848554 - 111611, 11. (81113.)

vira. 9. 5.) 5. 1168855-1111111. 1, 1. (81111.)

19. 185886511151. 15. (8. 5. 3.) . 5. 11515155 - 1111111, 13. (8. 14, 5.)

4. 1111855151 7. 8511515- 111111. 14- (S. 151.)

l. 8858155111551518191) 8, 1111151155-111511, l. 1. (8. 15. 2.)
2 55585455-10181128113. ’9.15511111-111181113,(8,19,3.)

3 5111115111,5“11,1.11..)861 19,’111111515-111,5’1ν.1.1.18,16,1.)
4,1151)11815-,1ο(111,1,518.1(15.) 8181585558

5,111111111ῥ1ῖ1511-111..11111..862) l. 5815555161,1’41,1,5.(8.15.5)
6 11τ8151514511111..81111,5.(8,.)93 2114855-1615111358265.)
7 511511 1111181. 1..(81 .1,)12 3. 5855515-1115511,1,51)8.16,2.

8,814185815185545511’)1ο181,..15 4.515855-1111511,11 (...8193)
(8..)111 5,4151155115-1111511·.1.(38..1(11.)

9 5161156511 11111111 (8...]21) 6 1118555165 1111.1’1“111,,.11(8,1..71)
16,-,11)118511111111,11,(811..)5 1115156685· 1ο151..1,198115)

5811855551 8.’1“5115155-1.·.,.115111181,.83)
1,611τ18115151151111ο151,1.(18(1,.25 9,515151)5815-1111.·...1851111,192.)
2.5855554855-11115111.(1,1,.23 19,58515515-1ο181.11.(82(1.2)

3555888818· 1,...181115113 ,12,4 98555551

5885511181128211
6 5585555ῇ5ιη1ᾞ615113 8113
7,11111111111·15·11ο1,.·.111118 ...132 45188511111118211
8.111111111111111....1111(8,1111 5151151111- (1111111851)
9,-51155 1111..11111 (8183) 8555444- 16151113 (8112.)
16,5·115151515-1·ο121,1518 81.)(12 7.5811115-.·.,,1,,11181128212)

(1558855118 814555· 1ο151,1.(,8821.,1)

2 1511111111,]1...Ι218...293)

1
1
)
..) l. 18515151551)10181.14.(.)8.,291
·)
3,) 3. '5515-51- 115 (8116111211ῑί, 295.)
1
·1

l. 55885551 1111181, 1. 5. (8184.) 9. 55158515-111181. 138215.)
2,5151111685555’1111.51,1,.,..)118181 19.155’“1555-111.1’,··1,1,2(8.,.222)
3. 5555588585-1511318115) 19. {5555st
11111855511111111, (,1. 8165) 15551155111151. 1.3. (...)8231
5 81555111 121581. 16. (8111) 2 5551516111 (,2. (822..)ι1
6 556588555161111118185) 3 181858555111ω111118221.)
7,51151111551111’11.,,.11)1111 (8182) 1856511115- 1.()1· 1...13 18.23.)2
8111551111.21.1..(818,,191) 5 1541455555 1111211 (8.,233)
9,1.1ῇ11111-1ο11“11.11.18..)1,95 6 1155851551 1.(1181...(13 (8211)
19. 1151115155 - 111111. 11. (8. 122.) 7, 11855658555111161. 1518222)
7. 8115118 8. 1414151815-10151, 15. (8291.)
1, 51551151 111511. (,1. (8181.) 9. 5555155555-1111, 1. 1. 18. 23. 5.)
2, 5155511851· 111811. 11181113 19. 8551555815 11111. (,1. 18211.)

 

